subjID	trial	x	y	solid_y	empty_y
0	0.0	-0.002040816	-0.012755102	-0.112533899	-0.086275989
0	1.0	0.019387755	-0.072959184	-0.235498541	-0.180548881
0	2.0	0.019387755	-0.16377551	-0.281462367	-0.215787815
0	3.0	0.019387755	-0.003571429	-0.129200157	-0.099053454
0	4.0	0.023469388	0.094387755	-0.021168436	-0.016229135
0	5.0	0.035714286	0.091326531	0.27099426	0.207762266
0	6.0	0.014285714	-0.070918367	-0.26063879	-0.199823072
0	7.0	0.014285714	-0.188265306	-0.072476336	-0.055565191
0	8.0	0.016326531	0.043367347	0.196314527	0.150507804
0	9.0	0.013265306	-0.067857143	-0.233361206	-0.178910258
0	10.0	0.024489796	-0.108673469	-0.266666478	-0.2044443
0	11.0	0.026530612	0.075	0.266817885	0.204560378
0	12.0	0.024489796	-0.046428571	0.110294387	0.08455903
0	13.0	0.026530612	-0.135204082	-0.011641596	-0.008925224
0	14.0	0.016326531	-0.192346939	-0.06957259	-0.053338986
0	15.0	0.002040816	-0.00255102	-0.163957948	-0.125701094
0	16.0	0.010204082	0.117857143	-0.013322185	-0.010213675
0	17.0	0.013265306	-0.099489796	-0.273229825	-0.209476199
0	18.0	0.031632653	-0.172959184	-0.037591469	-0.028820126
0	19.0	0.007142857	-0.003571429	0.143139983	0.109740653
0	20.0	0.002040816	-0.055612245	-0.175768398	-0.134755772
0	21.0	0.015306122	0.056632653	0.22181995	0.170061962
0	22.0	0.02244898	0.045408163	0.211037022	0.16179505
0	23.0	0.006122449	-0.04744898	-0.19834047	-0.152061027
0	24.0	-0.006122449	0.083163265	-0.053761981	-0.041217519
0	25.0	-0.016326531	-0.031122449	-0.057854293	-0.044354958
0	26.0	0.020408163	-0.020918367	0.138857753	0.106457611
0	27.0	0.016326531	0.039285714	0.1994922	0.15294402
0	28.0	0.01122449	0.043367347	0.203207539	0.155792447
0	29.0	0.026530612	-0.081122449	0.067966702	0.052107805
0	30.0	0.007142857	0.009693878	-0.142337403	-0.109125342
0	31.0	0.026530612	-0.096428571	0.04572357	0.035054737
0	32.0	0.013265306	-0.056632653	-0.227342421	-0.174295856
0	33.0	0.026530612	-0.021938776	0.136593784	0.104721901
0	34.0	0.02244898	-0.094387755	0.055300578	0.04239711
0	35.0	0.023469388	0.044387755	0.213865531	0.163963574
0	36.0	0.026530612	0.044387755	0.204986508	0.157156323
0	37.0	-0.002040816	0.057653061	-0.076610075	-0.058734391
0	38.0	0.018367347	-0.011734694	0.143727247	0.110190889
0	39.0	0.013265306	-0.04744898	-0.206223994	-0.158105062
0	0.0	0.035714286	-0.000510204	0.128530492	0.098540044
0	1.0	0.0	-0.079081633	-0.237832006	-0.182337872
0	2.0	0.026530612	-0.003571429	0.150536861	0.115411593
0	3.0	0.007142857	-0.061734694	0.073274111	0.056176818
0	4.0	0.019387755	-0.008673469	0.139922294	0.107273759
0	5.0	0.009183673	-0.085204082	-0.230875834	-0.177004806
0	6.0	0.028571429	-0.038265306	0.111447252	0.085442893
0	7.0	0.005102041	-0.094387755	0.045091832	0.034570405
0	8.0	0.01122449	0.065816327	-0.087800385	-0.067313629
0	9.0	0.020408163	-0.103571429	0.038874701	0.029803937
0	10.0	0.031632653	0.008673469	-0.126732183	-0.09716134
0	11.0	0.007142857	0.090306122	0.256977871	0.197016368
0	12.0	-0.021428571	0.130102041	0.000153667	0.000117811
0	13.0	0.003061224	-0.092346939	-0.246138602	-0.188706261
0	14.0	0.032653061	0.094387755	0.278171411	0.213264748
0	15.0	0.015306122	0.021938776	-0.111172738	-0.085232433
0	16.0	0.010204082	-0.127040816	-0.290044384	-0.222367361
0	17.0	0.013265306	0.091326531	-0.037790135	-0.028972437
0	18.0	0.018367347	0.003571429	0.163622343	0.125443796
0	19.0	0.005102041	-0.068877551	0.092930636	0.071246821
0	20.0	0.015306122	-0.073979592	-0.24587713	-0.1885058
0	21.0	0.020408163	-0.054591837	0.082900811	0.063557289
0	22.0	0.014285714	-0.030102041	-0.185972083	-0.142578597
0	23.0	0.015306122	-0.109693878	-0.271452002	-0.208113201
0	24.0	0.010204082	-0.029081633	-0.170436491	-0.130667976
0	25.0	0.002040816	0.062755102	-0.074608693	-0.057199998
0	26.0	0.013265306	0.003571429	-0.143946893	-0.110359285
0	27.0	0.020408163	0.032142857	-0.095991067	-0.073593151
0	28.0	0.016326531	-0.01377551	-0.164887224	-0.126413539
0	29.0	0.016326531	-0.067857143	-0.236696988	-0.181467691
0	30.0	0.002040816	0.114795918	-0.012713377	-0.009746923
0	31.0	0.006122449	0.087244898	-0.046604357	-0.035730007
0	32.0	0.02244898	-0.005612245	0.142753248	0.109444157
0	33.0	0.019387755	0.072959184	-0.066833995	-0.051239396
0	34.0	0.009183673	0.022959184	0.177037493	0.135728745
0	35.0	0.007142857	-0.125	0.005671592	0.004348221
0	36.0	0.016326531	-0.085204082	-0.247714008	-0.189914073
0	37.0	0.01122449	0.007653061	-0.133967224	-0.102708205
0	38.0	0.014285714	0.017857143	0.17519067	0.134312847
0	39.0	0.014285714	0.012755102	0.154592866	0.118521197
0	0.0	0.003061224	-0.012755102	0.044914838	0.034434709
0	1.0	-0.019387755	0.005612245	-0.005227721	-0.00400792
0	2.0	-0.004081633	-0.015816327	-0.230664483	-0.17684277
0	3.0	0.016326531	-0.077040816	0.074823115	0.057364388
0	4.0	0.018367347	-0.104591837	0.049201272	0.037720975
0	5.0	0.010204082	-0.099489796	0.050413898	0.038650655
0	6.0	0.019387755	-0.072959184	-0.219869266	-0.168566437
0	7.0	0.014285714	-0.112755102	0.020654672	0.015835249
0	8.0	0.006122449	-0.109693878	-0.276850777	-0.212252263
0	9.0	0.024489796	-0.091326531	0.060117664	0.046090209
0	10.0	0.018367347	-0.094387755	0.055437258	0.042501898
0	11.0	0.010204082	-0.103571429	-0.258326386	-0.198050229
0	12.0	0.003061224	0.030102041	-0.106349945	-0.081534958
0	13.0	0.014285714	-0.046428571	0.097815514	0.074991894
0	14.0	0.01122449	-0.070918367	-0.218398874	-0.167439137
0	15.0	0.016326531	-0.119897959	0.025712206	0.019712691
0	16.0	0.016326531	-0.017857143	0.136367919	0.104548738
0	17.0	0.016326531	-0.034183673	-0.170734937	-0.130896785
0	18.0	-0.020408163	0.017857143	-0.118688785	-0.090994735
0	19.0	-0.006122449	0.107653061	-0.024595475	-0.018856531
0	20.0	0.016326531	-0.064795918	0.090867267	0.069664905
0	21.0	0.003061224	0.069897959	0.229995034	0.176329526
0	22.0	0.001020408	0.108673469	0.267885154	0.205378618
0	23.0	0.007142857	-0.100510204	0.028475265	0.021831037
0	24.0	0.013265306	-0.109693878	0.007910585	0.006064781
0	25.0	0.005102041	-0.129081633	-0.29712506	-0.22779588
0	26.0	0.02244898	0.029081633	0.189561135	0.145330204
0	27.0	-0.003061224	0.078061224	-0.06986562	-0.053563642
0	28.0	0.016326531	-0.016836735	0.137459664	0.105385743
0	29.0	0.009183673	-0.05255102	0.096252519	0.073793598
0	30.0	0.006122449	0.062755102	0.217784867	0.166968398
0	31.0	0.003061224	-0.094387755	0.046006265	0.03527147
0	32.0	0.006122449	-0.108673469	0.03290718	0.025228838
0	33.0	0.026530612	-0.069897959	0.078598296	0.060258693
0	34.0	0.009183673	-0.127040816	-0.284718521	-0.2182842
0	35.0	0.002040816	0.090306122	-0.068394527	-0.052435804
0	36.0	0.023469388	0.034183673	0.196768061	0.150855514
0	37.0	0.043877551	0.048469388	0.214870144	0.164733777
0	38.0	-0.006122449	0.100510204	-0.050185133	-0.038475269
0	39.0	0.026530612	-0.022959184	-0.167691921	-0.128563806
0	0.0	-0.015306122	-0.067857143	0.04971046	0.038111353
0	1.0	0.009183673	0.051530612	-0.095739426	-0.073400226
0	2.0	0.007142857	0.095408163	0.249162723	0.191024755
0	3.0	0.036734694	0.069897959	0.22675825	0.173847992
0	4.0	0.024489796	0.055612245	0.223049814	0.171004857
0	5.0	0.026530612	-0.129081633	-0.271680233	-0.208288178
0	6.0	0.010204082	0.091326531	-0.038896292	-0.029820491
0	7.0	0.023469388	0.092346939	0.264518086	0.202797199
0	8.0	0.02755102	-0.087244898	0.07196356	0.055172063
0	9.0	0.020408163	0.021938776	0.171230109	0.131276417
0	10.0	0.02244898	-0.035204082	-0.181446245	-0.139108788
0	11.0	0.028571429	0.044387755	0.20496847	0.157142493
0	12.0	0.020408163	0.059693878	0.239810245	0.183854521
0	13.0	0.010204082	-0.034183673	0.121677138	0.093285806
0	14.0	-0.024489796	-0.081122449	-0.232723624	-0.178421445
0	15.0	0.020408163	-0.083163265	0.063380898	0.048592022
0	16.0	0.009183673	0.031122449	-0.093236265	-0.071481137
0	17.0	0.032653061	-0.094387755	0.045126879	0.034597274
0	18.0	0.051020408	0.030102041	-0.1027326	-0.07876166
0	19.0	0.003061224	-0.115816327	-0.298804757	-0.229083647
0	20.0	0.02755102	-0.082142857	0.07994926	0.061294433
0	21.0	-0.015306122	0.101530612	-0.036297989	-0.027828458
0	22.0	0.016326531	-0.039285714	-0.18640542	-0.142910822
0	23.0	0.02755102	-0.033163265	0.133316681	0.102209456
0	24.0	0.031632653	0.095408163	-0.036541603	-0.028015229
0	25.0	0.005102041	-0.015816327	-0.183248187	-0.140490277
0	26.0	0.014285714	-0.033163265	-0.036816778	-0.028226196
0	27.0	0.006122449	0.016836735	-0.100598617	-0.077125606
0	28.0	0.023469388	-0.039285714	-0.188058406	-0.144178111
0	29.0	0.030612245	-0.065816327	-0.2220349	-0.170226757
0	30.0	0.035714286	0.064795918	-0.067710942	-0.051911722
0	31.0	0.016326531	-0.026020408	0.136246072	0.104455322
0	32.0	0.01122449	-0.025	-0.170055071	-0.130375555
0	33.0	0.023469388	0.007653061	-0.123509435	-0.094690567
0	34.0	0.010204082	-0.005612245	-0.132593644	-0.101655127
0	35.0	0.010204082	-0.046428571	-0.200976055	-0.154081642
0	36.0	0.026530612	-0.103571429	0.04174348	0.032003335
0	37.0	0.035714286	-0.01377551	0.13108227	0.100496407
0	38.0	0.007142857	-0.095408163	-0.237877806	-0.182372985
0	39.0	0.026530612	-0.079081633	-0.242505149	-0.185920615
